113

333313 condition, 3113 331 recognition de 13
3113333313111313, 31111313 333331 1133113 3331
331 11313111 313333333311, 3133 1331111111311313
131333113331 3331 33331313 13313 113 333 .
11313113 1131 1113113 113Ι 111111, 31 predicto 3133·
33113 33313 31 333113313 113 8331311, 313113-
333311 331,1133 1133131113 33113 113 pexo de
“ L: X. el qual 1111333113 33313 3 333113313333-
31 successori quello 3133 13333111 demandat·
313 3131313 11133111331313 31333113 113 1133131113.

11331 31131 predicto 333331 hecha 1133113·
13, 3 11311311 cum 1311 131 subditi, 31333 133311-
di 31331331 113 13 3331313 3 1331113 13 313·
131311133111331313 31333113 113 1133131113, 3333
113 31113 3331313. 33 1331, 331313113 modo.

11331 3113 33 313331 13113111 de 1331313-
1311111311133113331333113 113 1133131113 3313113-
333Ιί 13331 1131 3131313 333331 1133113 3 113·
113111, 3113 1313111 311 3331 13131131ῐί33 113 1133-
1311 113 13 3131111313 11133111331313 31333113 1113111·
333 33331 313111 3131311113ἀί 331 3333 333331
1313331 113113113 13 1333 (1311331311 113 es·
33 3131313 111331113311113 31333113, 3 questo 133·
1313333133311331311 1131113 33331 13313 31
3133113113 verso esso 3333311133113311131131-
11, 33 31333 13113113 333 31313113 3113331
113 13 313131311133111331313 31333113 3331133113,
over advenisse.

1133131131333331111333 [13311313
313313133113 33331 13313113 111 1313313 3313
1313333111113 3 lugi possession 31 11331 3111,

 

