113133 31331313 11331131 3 33313333 33113
113313 313 313313333 3113 33 (11113 Ρ1311133 3.
111313 313313 3 possession 311311333 11311313 ’
11 Ρ331133131111 13 31 13333113 1313331· 713111
3 (13 1313331 Balsa, 111 11 3331131 (13113133, (13· ’
1113 331333311 3 111331133131111, 3113 3333 (13
13 3131313 31333113 (13 1133131113, 131331331333
33111333 13 313113 (13 3113331 Balsa.
111133133313111113331113313 31313·
1313 313331231311 1733113313 Β331311 3313 11
1131111311, excepto 11 11311331 313313, 3113 (113
131333311 3 13 3131313 31333113, 1131113 1131333, ·
Α1311133 111111331311 3313 333 3333111 [13113311
(1311131313,Ρ3131131133331311 3 33 13 bono,
1 quali die 131333311313131313 313331 Zoni '
31113 1313 333 313313 311331133, 3113 111133333 31

1331331131 313331Ζ3131, 3 (13 1313331 ·Β3133 -·
so o. , ’ ·

11313 11333133 (13311131113, 31131 Μ3113· .-

3 3 1111 1131113 13 333 33113113133 3333333 331
1313133131113,313131333111333,’3333113
131333 33133 13 131113 33133 (13 13 3131313
31333113, 33331 33133 11333 13 31 tempo (131
313331Ζο1318113313111 3113 3113331
Β3133; 3331 3331113133 31131 (11313 31 31133 o·
liti 333 33333133131 31333 333313 13 13 31-
3313 (13 333 Piero de 13 reda, 313 13 3131113
(13 333 1111311131 33113 3133313113 (13 03133333,
senza 11333113 (131 133131 (13 83313113131131·
33333. 11133133 3133 11333313 (1333131113, 3113
1311 3333333111, 1131131113 3 3113313, 13 qual 333

 

