3133133 31 qual sein cavo (1311133333131331,
3 33331 avanti per 13 13333 313 3313 (13113333
3 13 ι31313, che 11313333 133333 13 3133, 3 (13
13 31313 (11313 3113333 31 3311331 grande, 3113
33 tagiado in 113 luogi3 e (131 sanger gmndo
(1131331 1333313 13133, 3 33 31113 331333131
(33313313313131311313331, 3 331 13 fosso·
in 1133 3 13 31313 13 13 3133, 3 (1313 31313 13
fin 131113 31313, che se in 13 113 313313, 3113
vien (13 83313113 (1333313113. Ede
13 13 3333 33111 13331 (131 3133, 13 ohe 131333·
33133 3 1333 (133113 1331333333 313333 31313.
“ 3 (13 quelle 31313 33331 (11313 ala 31313 gwan-
(13, che 33 3333 13 riva, 3 (13 13 31313 33 13
1113313 (3331333313, che se 131313313 cum
33131, che ha 31313 13 13333. E de 13 montag-
33133113 33 cum 33131, 13 1133 313 (3331333313
che 33 3 13 31313. E (13 13 (1313 3331333313
(11313 3 13 31313 3113 33 1313113, 3113 vien
(1383313113111113313. E de 13 3333333
laclia vecchia in suso 31313313 de 13 31313,
Ι3113 33 3 131113 (131 13333, 3 33331 (131 monte
. (13 13 31313 de 13 (13 13 clia 3 13 33313 (13 13
13331333333133333313 33113 11 (1311 (33313111
in 3333 13 1313333, 3 13 man dextra inverso
8331311, 3 in 3333 331 1313333131133 13, che
se 113313 1311 (13.111333311, passando 13 113
(3313113, 3 33331 (113313 13 333313 eima (1313
montagna, 13 che 33 (13 13 13333. 11333313333
331 13. 1113313333 3 3333113133 13 33 (131
monte cum 131113 333113, 3 31 (1313 (1313

 

